   1   0 0.258362330E+03
   2   0 0.403951627E+03
   3   0 0.535608616E+03
   4   0 0.680000262E+03
   5   0 0.824772453E+03
   6   0 0.971967114E+03
   7   0 0.111707885E+04
   8   0 0.126246978E+04
   9   0 0.140640691E+04
  10   0 0.154740419E+04
  11   0 0.168566286E+04
  12   0 0.182092415E+04
  13   0 0.195622063E+04
  14   0 0.209215396E+04
  15   0 0.222747662E+04
  16   0 0.236208303E+04
  17   0 0.249568126E+04
  18   0 0.262966329E+04
  19   0 0.276481593E+04
  20   0 0.290030865E+04
  21   0 0.303618781E+04
  22   0 0.317209256E+04
  23   0 0.330812678E+04
  24   0 0.344480616E+04
  25   0 0.358173820E+04
  26   0 0.371910092E+04
  27   0 0.385674049E+04
  28   0 0.399445637E+04
  29   0 0.413253542E+04
  30   0 0.427066381E+04
  31   0 0.440896971E+04
  32   0 0.454744330E+04
  33   0 0.468590957E+04
  34   0 0.482459715E+04
  35   0 0.496328076E+04
   1   1 0.191378360E+03
   2   1 0.262843419E+03
   1   1 0.285303930E+03
   2   1 0.448251308E+03
   3   1 0.596499392E+03
   4   1 0.746236647E+03
   5   1 0.892954412E+03
   6   1 0.103880210E+04
   7   1 0.118456058E+04
   8   1 0.132859766E+04
   9   1 0.147192233E+04
  10   1 0.161153936E+04
  11   1 0.174825864E+04
  12   1 0.188386620E+04
  13   1 0.201936028E+04
  14   1 0.215561131E+04
  15   1 0.229090926E+04
  16   1 0.242493079E+04
  17   1 0.255902894E+04
  18   1 0.269360052E+04
  19   1 0.282917255E+04
  20   1 0.296518459E+04
  21   1 0.310104973E+04
  22   1 0.323727720E+04
  23   1 0.337368980E+04
  24   1 0.351056117E+04
  25   1 0.364794022E+04
  26   1 0.378541012E+04
  27   1 0.392325560E+04
  28   1 0.406122528E+04
  29   1 0.419934749E+04
  30   1 0.433773845E+04
  31   1 0.447610506E+04
  32   1 0.461468665E+04
  33   1 0.475332696E+04
  34   1 0.489200909E+04
   1   2 0.384252301E+03
   2   2 0.514478572E+03
   3   2 0.663997734E+03
   4   2 0.811364136E+03
   5   2 0.959195060E+03
   6   2 0.110426378E+04
   7   2 0.124979978E+04
   8   2 0.139359532E+04
   8   2 0.153500255E+04
   9   2 0.167359195E+04
  10   2 0.180908831E+04
  11   2 0.194467646E+04
  12   2 0.208077324E+04
  13   2 0.221651068E+04
  14   2 0.235156603E+04
  15   2 0.248545997E+04
  16   2 0.261976950E+04
  17   2 0.275517027E+04
  18   2 0.289096028E+04
  19   2 0.302719209E+04
  20   2 0.316336683E+04
  21   2 0.329970296E+04
  22   2 0.343664104E+04
  23   2 0.357380939E+04
  24   2 0.371144038E+04
  25   2 0.384929490E+04
  26   2 0.398724251E+04
  27   2 0.412553663E+04
  28   2 0.426385447E+04
  29   2 0.440236922E+04
  30   2 0.454101557E+04
  31   2 0.467966067E+04
  32   2 0.481851849E+04
  33   2 0.495735049E+04
   1   3 0.416286296E+03
   2   3 0.564549221E+03
   3   3 0.718141048E+03
   4   3 0.866369839E+03
   5   3 0.101437784E+04
   6   3 0.116070163E+04
   7   3 0.130583380E+04
   8   3 0.145004886E+04
   9   3 0.159047942E+04
  10   3 0.172820233E+04
  11   3 0.186408025E+04
  12   3 0.199991286E+04
  13   3 0.213665942E+04
  14   3 0.227241342E+04
  15   3 0.240709454E+04
  16   3 0.254156034E+04
  17   3 0.267642081E+04
  18   3 0.281244828E+04
  19   3 0.294883442E+04
  20   3 0.308518715E+04
  21   3 0.322185781E+04
  22   3 0.335862621E+04
  23   3 0.349594110E+04
  24   3 0.363368750E+04
  25   3 0.377156070E+04
  26   3 0.390981933E+04
  27   3 0.404813460E+04
  28   3 0.418665257E+04
  29   3 0.432538436E+04
  30   3 0.446408896E+04
  31   3 0.460301712E+04
  32   3 0.474195095E+04
  33   3 0.488095533E+04
