  MODEL =   modelo2.osc                                                                                         

  Mass =    1.000
  Log Teff =    3.7611
  Log g =    4.4442

  L   MODE    Omega2   FREC(muHz)   PER(d)    Q(d)     NP    NG
  0.   1     6.67632   260.93742      0.0444    0.0449     1     0
  0.   2    16.27532   407.41067      0.0284    0.0287     2     0
  0.   3    28.70929   541.10173      0.0214    0.0216     3     0
  0.   4    46.32740   687.36375      0.0168    0.0170     4     0
  0.   5    68.17847   833.85646      0.0139    0.0140     5     0
  0.   6    94.70967   982.79931      0.0118    0.0119     6     0
  0.   7   125.11551  1129.59628      0.0102    0.0104     7     0
  0.   8   159.78895  1276.55947      0.0091    0.0092     8     0
  0.   9   198.22794  1421.83800      0.0081    0.0082     9     0
  0.  10   239.87591  1564.08733      0.0074    0.0075    10     0
  0.  11   284.59175  1703.64396      0.0068    0.0069    11     0
  0.  12   332.14331  1840.47719      0.0063    0.0064    12     0
  0.  13   383.53739  1977.75065      0.0059    0.0059    13     0
  0.  14   438.88699  2115.65104      0.0055    0.0055    14     0
  0.  15   497.53429  2252.57463      0.0051    0.0052    15     0
  0.  16   559.40715  2388.53543      0.0048    0.0049    16     0
  0.  17   624.45281  2523.58242      0.0046    0.0046    17     0
  0.  18   693.37285  2659.20059      0.0044    0.0044    18     0
  0.  19   766.52292  2795.95550      0.0041    0.0042    19     0
  0.  20   843.46958  2932.93470      0.0039    0.0040    20     0
  0.  21   924.28583  3070.22943      0.0038    0.0038    21     0
  0.  22  1008.79934  3207.52520      0.0036    0.0036    22     0
  0.  23  1097.15483  3345.04252      0.0035    0.0035    23     0
  0.  24  1189.70604  3483.27301      0.0033    0.0034    24     0
  0.  25  1286.18463  3621.75726      0.0032    0.0032    25     0
  1.   0     8.09901   287.39787      0.0403    0.0407     0     0
  1.   3    35.66275   603.08026      0.0192    0.0194     3     0
  1.   7   140.67168  1197.76334      0.0097    0.0098     7     0
  1.  16   589.53887  2452.01941      0.0047    0.0048    16     0
  1.  17   656.57436  2587.67448      0.0045    0.0045    17     0
  1.  18   727.50453  2723.86470      0.0042    0.0043    18     0
  1.  19   802.59821  2860.99287      0.0040    0.0041    19     0
  1.  20   881.55965  2998.42738      0.0039    0.0039    20     0
  1.  21   964.10985  3135.67427      0.0037    0.0037    21     0
  1.  22  1050.61404  3273.32617      0.0035    0.0036    22     0
  1.  23  1141.00509  3411.23370      0.0034    0.0034    23     0
  1.  24  1235.49164  3549.66679      0.0033    0.0033    24     0
  2. -10     0.99665   100.81822      0.1148    0.1161     0    10
  2.  -9     1.18525   109.94410      0.1053    0.1065     0     9
  2.  -8     1.42923   120.73095      0.0959    0.0969     0     8
  2.  -7     1.75113   133.63706      0.0866    0.0876     0     7
  2.  -6     2.18607   149.31376      0.0775    0.0784     0     6
  2.  -5     2.78327   168.47872      0.0687    0.0695     0     5
  2.  -4     3.62201   192.19531      0.0602    0.0609     0     4
  2.  -3     4.76465   220.43643      0.0525    0.0531     0     3
  2.  -2     6.35426   254.56593      0.0455    0.0460     0     2
  2.  -1     8.53220   294.98378      0.0392    0.0397     0     1
  2.   0    12.28357   353.94029      0.0327    0.0331     1     1
  2.   1    14.53037   384.95154      0.0301    0.0304     1     0
  2.   2    26.51568   520.01878      0.0223    0.0225     2     0
  2.   3    44.18123   671.25350      0.0172    0.0174     3     0
  2.   4    65.98608   820.33995      0.0141    0.0143     4     0
  2.   5    92.23556   969.87750      0.0119    0.0121     5     0
  2.   6   122.25094  1116.59015      0.0104    0.0105     6     0
  2.   7   156.57547  1263.65797      0.0092    0.0093     7     0
  2.   8   194.60395  1408.78108      0.0082    0.0083     8     0
  2.   9   236.02007  1551.46559      0.0075    0.0075     9     0
  2.  10   280.50086  1691.35504      0.0068    0.0069    10     0
  2.  11   327.80149  1828.40814      0.0063    0.0064    11     0
  2.  12   378.97748  1965.95867      0.0059    0.0060    12     0
  2.  13   434.08307  2104.04056      0.0055    0.0056    13     0
  2.  14   492.61928  2241.42073      0.0052    0.0052    14     0
  2.  15   554.40501  2377.83248      0.0049    0.0049    15     0
  2.  16   619.30549  2513.16005      0.0046    0.0047    16     0
  2.  17   688.11672  2649.10235      0.0044    0.0044    17     0
  2.  18   761.13203  2786.10629      0.0042    0.0042    18     0
  2.  19   837.98896  2923.39049      0.0040    0.0040    19     0
  2.  20   918.75795  3061.03459      0.0038    0.0038    20     0
  2.  21  1003.18674  3198.58998      0.0036    0.0037    21     0
  2.  22  1091.49125  3336.39769      0.0035    0.0035    22     0
  2.  23  1183.97423  3474.87196      0.0033    0.0034    23     0
  2.  24  1280.38737  3613.58582      0.0032    0.0032    24     0
  3. -14     1.02429   102.20667      0.1132    0.1145     0    14
  3. -13     1.16186   108.85383      0.1063    0.1075     0    13
  3. -12     1.32786   116.37088      0.0995    0.1006     0    12
  3. -11     1.53018   124.92187      0.0927    0.0937     0    11
  3. -10     1.77988   134.72965      0.0859    0.0869     0    10
  3.  -9     2.09330   146.11110      0.0792    0.0801     0     9
  3.  -8     2.49181   159.41348      0.0726    0.0734     0     8
  3.  -7     3.00506   175.06309      0.0661    0.0669     0     7
  3.  -6     3.67554   193.61008      0.0598    0.0605     0     6
  3.  -5     4.53591   215.07988      0.0538    0.0544     0     5
  3.  -4     5.52992   237.48009      0.0487    0.0493     0     4
  3.  -3     6.62003   259.83501      0.0445    0.0450     0     3
  3.  -2     8.46846   293.87995      0.0394    0.0398     0     2
  3.  -1    11.15979   337.36163      0.0343    0.0347     0     1
  3.   0    15.20503   393.78697      0.0294    0.0297     1     1
  3.   1    17.25057   419.43958      0.0276    0.0279     1     0
  3.   2    31.95149   570.83847      0.0203    0.0205     2     0
  3.   3    51.71660   726.24419      0.0159    0.0161     3     0
  3.   4    75.24579   876.00942      0.0132    0.0134     4     0
  3.   5   103.14616  1025.63826      0.0113    0.0114     5     0
  3.   6   135.04492  1173.56410      0.0099    0.0100     6     0
  3.   7   170.90729  1320.22508      0.0088    0.0089     7     0
  3.   8   210.67490  1465.79786      0.0079    0.0080     8     0
  3.   9   253.36647  1607.46768      0.0072    0.0073     9     0
  3.  10   299.10994  1746.55836      0.0066    0.0067    10     0
  3.  11   348.08827  1884.13655      0.0061    0.0062    11     0
  3.  12   400.89212  2022.00135      0.0057    0.0058    12     0
  3.  13   457.75494  2160.64891      0.0054    0.0054    13     0
  3.  14   517.74887  2297.87957      0.0050    0.0051    14     0
  3.  15   580.87495  2433.93518      0.0048    0.0048    15     0
  3.  16   647.60350  2569.93580      0.0045    0.0046    16     0
  3.  17   718.22267  2706.43273      0.0043    0.0043    17     0
  3.  18   793.11485  2844.04016      0.0041    0.0041    18     0
  3.  19   871.84888  2981.86715      0.0039    0.0039    19     0
  3.  20   954.26100  3119.61694      0.0037    0.0038    20     0
  3.  21  1040.61130  3257.70647      0.0036    0.0036    21     0
  3.  22  1130.81806  3395.97161      0.0034    0.0034    22     0
  3.  23  1225.20206  3534.85449      0.0033    0.0033    23     0
