                                                                                                                                                                                                                                                                



                        1                         2                         3                         4                         5                         6
                        l                      n_pg                       n_p                       n_g                  Re(freq)                  Im(freq)
                        0                         7                         7                         0   0.1117034300999900E+004   0.0000000000000000E+000
                        0                         8                         8                         0   0.1262425499375334E+004   0.0000000000000000E+000
                        0                         9                         9                         0   0.1406369491004225E+004   0.0000000000000000E+000
                        0                        10                        10                         0   0.1547368608641937E+004   0.0000000000000000E+000
                        0                        11                        11                         0   0.1685653150375178E+004   0.0000000000000000E+000
                        0                        12                        12                         0   0.1820950837070482E+004   0.0000000000000000E+000
                        0                        13                        13                         0   0.1956251518262882E+004   0.0000000000000000E+000
                        0                        14                        14                         0   0.2092165958746769E+004   0.0000000000000000E+000
                        0                        15                        15                         0   0.2227459746137805E+004   0.0000000000000000E+000
                        0                        16                        16                         0   0.2362050758898961E+004   0.0000000000000000E+000
                        0                        17                        17                         0   0.2495666120723641E+004   0.0000000000000000E+000
                        0                        18                        18                         0   0.2629665181422700E+004   0.0000000000000000E+000
                        0                        19                        19                         0   0.2764823921936899E+004   0.0000000000000000E+000
                        0                        20                        20                         0   0.2900316110930598E+004   0.0000000000000000E+000
                        0                        21                        21                         0   0.3036186537300035E+004   0.0000000000000000E+000
                        0                        22                        22                         0   0.3172086570931891E+004   0.0000000000000000E+000
                        0                        23                        23                         0   0.3308116832318622E+004   0.0000000000000000E+000
                        0                        24                        24                         0   0.3444790432373813E+004   0.0000000000000000E+000
                        0                        25                        25                         0   0.3581723308596066E+004   0.0000000000000000E+000
                        0                        26                        26                         0   0.3719093455546169E+004   0.0000000000000000E+000
                        0                        27                        27                         0   0.3856741762225559E+004   0.0000000000000000E+000
                        0                        28                        28                         0   0.3994463352545517E+004   0.0000000000000000E+000
                        0                        29                        29                         0   0.4132539738225657E+004   0.0000000000000000E+000
                        0                        30                        30                         0   0.4270662392635762E+004   0.0000000000000000E+000
                        0                        31                        31                         0   0.4408961911671527E+004   0.0000000000000000E+000
                        0                        32                        32                         0   0.4547431467612959E+004   0.0000000000000000E+000
                        0                        33                        33                         0   0.4685897866374784E+004   0.0000000000000000E+000
                        0                        34                        34                         0   0.4824588120814546E+004   0.0000000000000000E+000
                        0                        35                        35                         0   0.4963277896086487E+004   0.0000000000000000E+000
                        1                         6                         5                         0   0.1038747190348713E+004   0.0000000000000000E+000
                        1                         7                         6                         0   0.1184523093073022E+004   0.0000000000000000E+000
                        1                         8                         7                         0   0.1328557816284109E+004   0.0000000000000000E+000
                        1                         9                         8                         0   0.1471882012079402E+004   0.0000000000000000E+000
                        1                        10                         9                         0   0.1611519600552997E+004   0.0000000000000000E+000
                        1                        11                        10                         0   0.1748264549525447E+004   0.0000000000000000E+000
                        1                        12                        11                         0   0.1883899523135115E+004   0.0000000000000000E+000
                        1                        13                        12                         0   0.2019389703156860E+004   0.0000000000000000E+000
                        1                        14                        13                         0   0.2155606239650050E+004   0.0000000000000000E+000
                        1                        15                        14                         0   0.2290883685397541E+004   0.0000000000000000E+000
                        1                        16                        15                         0   0.2424906254546422E+004   0.0000000000000000E+000
                        1                        17                        16                         0   0.2559021064038426E+004   0.0000000000000000E+000
                        1                        18                        17                         0   0.2693609998068636E+004   0.0000000000000000E+000
                        1                        19                        18                         0   0.2829181138336235E+004   0.0000000000000000E+000
                        1                        20                        19                         0   0.2965187532579919E+004   0.0000000000000000E+000
                        1                        21                        20                         0   0.3101049409287536E+004   0.0000000000000000E+000
                        1                        22                        21                         0   0.3237268929885076E+004   0.0000000000000000E+000
                        1                        23                        22                         0   0.3373677374803761E+004   0.0000000000000000E+000
                        1                        24                        23                         0   0.3510547973933957E+004   0.0000000000000000E+000
                        1                        25                        24                         0   0.3647930006010251E+004   0.0000000000000000E+000
                        1                        26                        25                         0   0.3785409182293182E+004   0.0000000000000000E+000
                        1                        27                        26                         0   0.3923261535028231E+004   0.0000000000000000E+000
                        1                        28                        27                         0   0.4061235090870050E+004   0.0000000000000000E+000
                        1                        29                        28                         0   0.4199351209230004E+004   0.0000000000000000E+000
                        1                        30                        29                         0   0.4337735188213049E+004   0.0000000000000000E+000
                        1                        31                        30                         0   0.4476096723529556E+004   0.0000000000000000E+000
                        1                        32                        31                         0   0.4614675853753240E+004   0.0000000000000000E+000
                        1                        33                        32                         0   0.4753319784405991E+004   0.0000000000000000E+000
                        1                        34                        33                         0   0.4892005214537848E+004   0.0000000000000000E+000
                        2                         6                         6                         0   0.1104218556096931E+004   0.0000000000000000E+000
                        2                         7                         7                         0   0.1249758215596132E+004   0.0000000000000000E+000
                        2                         8                         8                         0   0.1393560047179183E+004   0.0000000000000000E+000
                        2                         9                         9                         0   0.1534966217915294E+004   0.0000000000000000E+000
                        2                        10                        10                         0   0.1673582369365780E+004   0.0000000000000000E+000
                        2                        11                        11                         0   0.1809113766608909E+004   0.0000000000000000E+000
                        2                        12                        12                         0   0.1944708941815035E+004   0.0000000000000000E+000
                        2                        13                        13                         0   0.2080790262120143E+004   0.0000000000000000E+000
                        2                        14                        14                         0   0.2216496385932961E+004   0.0000000000000000E+000
                        2                        15                        15                         0   0.2351534830194222E+004   0.0000000000000000E+000
                        2                        16                        16                         0   0.2485444837675523E+004   0.0000000000000000E+000
                        2                        17                        17                         0   0.2619770900462901E+004   0.0000000000000000E+000
                        2                        18                        18                         0   0.2755179707546834E+004   0.0000000000000000E+000
                        2                        19                        19                         0   0.2890969230892223E+004   0.0000000000000000E+000
                        2                        20                        20                         0   0.3027191884548817E+004   0.0000000000000000E+000
                        2                        21                        21                         0   0.3163362703147227E+004   0.0000000000000000E+000
                        2                        22                        22                         0   0.3299694301456826E+004   0.0000000000000000E+000
                        2                        23                        23                         0   0.3436626364447322E+004   0.0000000000000000E+000
                        2                        24                        24                         0   0.3573795718967536E+004   0.0000000000000000E+000
                        2                        25                        25                         0   0.3711433891354661E+004   0.0000000000000000E+000
                        2                        26                        26                         0   0.3849297451543935E+004   0.0000000000000000E+000
                        2                        27                        27                         0   0.3987250928592552E+004   0.0000000000000000E+000
                        2                        28                        28                         0   0.4125543193464958E+004   0.0000000000000000E+000
                        2                        29                        29                         0   0.4263855390523878E+004   0.0000000000000000E+000
                        2                        30                        30                         0   0.4402363605946804E+004   0.0000000000000000E+000
                        2                        31                        31                         0   0.4541005815734345E+004   0.0000000000000000E+000
                        2                        32                        32                         0   0.4679650760797038E+004   0.0000000000000000E+000
                        2                        33                        33                         0   0.4818511548510526E+004   0.0000000000000000E+000
                        2                        34                        34                         0   0.4957349740870570E+004   0.0000000000000000E+000
                        3                         5                         5                         0   0.1014322274892070E+004   0.0000000000000000E+000
                        3                         6                         6                         0   0.1160663798711453E+004   0.0000000000000000E+000
                        3                         7                         7                         0   0.1305791750708926E+004   0.0000000000000000E+000
                        3                         8                         8                         0   0.1450010582926959E+004   0.0000000000000000E+000
                        3                         9                         9                         0   0.1590455092232023E+004   0.0000000000000000E+000
                        3                        10                        10                         0   0.1728202872469026E+004   0.0000000000000000E+000
                        3                        11                        11                         0   0.1864114173611207E+004   0.0000000000000000E+000
                        3                        12                        12                         0   0.1999944326267526E+004   0.0000000000000000E+000
                        3                        13                        13                         0   0.2136659686967236E+004   0.0000000000000000E+000
                        3                        14                        14                         0   0.2272391499441114E+004   0.0000000000000000E+000
                        3                        15                        15                         0   0.2407067623948918E+004   0.0000000000000000E+000
                        3                        16                        16                         0   0.2541551179720235E+004   0.0000000000000000E+000
                        3                        17                        17                         0   0.2676429845398786E+004   0.0000000000000000E+000
                        3                        18                        18                         0   0.2812457148175441E+004   0.0000000000000000E+000
                        3                        19                        19                         0   0.2948839521582935E+004   0.0000000000000000E+000
                        3                        20                        20                         0   0.3085187441484855E+004   0.0000000000000000E+000
                        3                        21                        21                         0   0.3221850186804300E+004   0.0000000000000000E+000
                        3                        22                        22                         0   0.3358615107926305E+004   0.0000000000000000E+000
                        3                        23                        23                         0   0.3495927844632915E+004   0.0000000000000000E+000
                        3                        24                        24                         0   0.3633676254361817E+004   0.0000000000000000E+000
                        3                        25                        25                         0   0.3771558558473456E+004   0.0000000000000000E+000
                        3                        26                        26                         0   0.3909824490566757E+004   0.0000000000000000E+000
                        3                        27                        27                         0   0.4048144325561216E+004   0.0000000000000000E+000
                        3                        28                        28                         0   0.4186656326883551E+004   0.0000000000000000E+000
                        3                        29                        29                         0   0.4325381432432980E+004   0.0000000000000000E+000
                        3                        30                        30                         0   0.4464080841178577E+004   0.0000000000000000E+000
                        3                        31                        31                         0   0.4603006295672672E+004   0.0000000000000000E+000
                        3                        32                        32                         0   0.4741943341788654E+004   0.0000000000000000E+000
                        3                        33                        33                         0   0.4880950542326180E+004   0.0000000000000000E+000
